Alpha: 1.0
RMSE: 6.20874838574424
R2_score: 0.536839082135994
Time: 0.0010223388671875 s
*--------------------------*
Alpha: 1.01
RMSE: 6.2119355478502465
R2_score: 0.5363634475254195
Time: 0.0020017623901367188 s
*--------------------------*
